diff_i: -3.73931e-09
diff_v: 0.001722194
i_leftmost: -4.749872e-09
i_rightmost: -1.010562e-09
vdd_1v8: 1.8
vgate: 0.6599019
vres: 0.06421993
