diff_i: -1.802175e-09
diff_v: 0.01033287
i_leftmost: -2.883766e-09
i_rightmost: -1.08159e-09
vdd_1v8: 1.8
vgate: 0.6831272
vres: 0.07322357
