diff_i: -1.728003e-09
diff_v: 0.001850686
i_leftmost: -2.449733e-09
i_rightmost: -7.217307e-10
vdd_1v8: 1.8
vgate: 0.6956017
vres: 0.06462755
