diff_i: -2.059965e-09
diff_v: 0.0032049
i_leftmost: -2.834214e-09
i_rightmost: -7.742494e-10
vdd_1v8: 1.8
vgate: 0.6952642
vres: 0.06513496
