diff_i: -2.011863e-09
diff_v: 0.005664276
i_leftmost: -2.836382e-09
i_rightmost: -8.245183e-10
vdd_1v8: 1.8
vgate: 0.6894503
vres: 0.06906895
