diff_i: -1.922086e-09
diff_v: -0.002223941
i_leftmost: -2.467196e-09
i_rightmost: -5.451102e-10
vdd_1v8: 1.8
vgate: 0.6998357
vres: 0.06083681
