diff_i: -1.933218e-09
diff_v: 0.005002143
i_leftmost: -2.496086e-09
i_rightmost: -5.628681e-10
vdd_1v8: 1.8
vgate: 0.6914631
vres: 0.06751775
