diff_i: 4.907458e-09
diff_v: 0.01216137
i_leftmost: 7.393469e-09
i_rightmost: 2.486012e-09
vdd_1v8: 1.8
vgate: 0.7157315
vres: 0.07564485
