diff_i: -1.726592e-09
diff_v: 0.008802953
i_leftmost: -2.583209e-09
i_rightmost: -8.566167e-10
vdd_1v8: 1.8
vgate: 0.6849381
vres: 0.07222792
