diff_i: -2.026689e-09
diff_v: 0.007239149
i_leftmost: -2.741209e-09
i_rightmost: -7.145195e-10
vdd_1v8: 1.8
vgate: 0.6874663
vres: 0.07063344
