diff_i: -1.656766e-09
diff_v: 0.008506212
i_leftmost: -2.439674e-09
i_rightmost: -7.829078e-10
vdd_1v8: 1.8
vgate: 0.6858789
vres: 0.071243
