diff_i: -1.671678e-09
diff_v: 0.001775854
i_leftmost: -2.450953e-09
i_rightmost: -7.792744e-10
vdd_1v8: 1.8
vgate: 0.6960531
vres: 0.06369104
