diff_i: -1.93327e-09
diff_v: 0.007131912
i_leftmost: -2.677003e-09
i_rightmost: -7.437325e-10
vdd_1v8: 1.8
vgate: 0.6859568
vres: 0.0707708
