diff_i: -1.958733e-09
diff_v: 0.003724259
i_leftmost: -2.691573e-09
i_rightmost: -7.328401e-10
vdd_1v8: 1.8
vgate: 0.6950701
vres: 0.06498768
