diff_i: -2.71776e-09
diff_v: 0.0008086216
i_leftmost: 8.943873e-10
i_rightmost: 3.612147e-09
vdd_1v8: 1.8
vgate: 0.6493482
vres: 0.06350845
