diff_i: -1.804801e-09
diff_v: 0.002324059
i_leftmost: -2.616642e-09
i_rightmost: -8.118411e-10
vdd_1v8: 1.8
vgate: 0.694286
vres: 0.06545912
