diff_i: -1.923675e-09
diff_v: 0.001675689
i_leftmost: -2.649843e-09
i_rightmost: -7.261679e-10
vdd_1v8: 1.8
vgate: 0.6949326
vres: 0.06418322
