diff_i: -1.757442e-09
diff_v: 0.001854411
i_leftmost: -2.389697e-09
i_rightmost: -6.322546e-10
vdd_1v8: 1.8
vgate: 0.6949604
vres: 0.06451897
