diff_i: -1.998782e-09
diff_v: 0.004631248
i_leftmost: -2.801961e-09
i_rightmost: -8.031793e-10
vdd_1v8: 1.8
vgate: 0.6897384
vres: 0.06857016
