diff_i: -1.709074e-09
diff_v: 0.004012204
i_leftmost: -2.574994e-09
i_rightmost: -8.659197e-10
vdd_1v8: 1.8
vgate: 0.6918615
vres: 0.06706014
