diff_i: -2.09232e-09
diff_v: 0.001305748
i_leftmost: -2.868853e-09
i_rightmost: -7.765334e-10
vdd_1v8: 1.8
vgate: 0.6978998
vres: 0.06275226
