diff_i: -1.906968e-09
diff_v: 0.00630204
i_leftmost: -2.526259e-09
i_rightmost: -6.192909e-10
vdd_1v8: 1.8
vgate: 0.6881523
vres: 0.06954855
