diff_i: -1.700335e-09
diff_v: 0.009831169
i_leftmost: -2.672696e-09
i_rightmost: -9.723612e-10
vdd_1v8: 1.8
vgate: 0.6848419
vres: 0.07338996
