diff_i: -1.778362e-09
diff_v: 0.007545525
i_leftmost: -2.90193e-09
i_rightmost: -1.123568e-09
vdd_1v8: 1.8
vgate: 0.6858496
vres: 0.07095423
