diff_i: -1.968867e-09
diff_v: 0.008257141
i_leftmost: -2.6206e-09
i_rightmost: -6.517325e-10
vdd_1v8: 1.8
vgate: 0.6840646
vres: 0.07236489
