diff_i: -2.001276e-09
diff_v: 0.003351919
i_leftmost: -2.66045e-09
i_rightmost: -6.591733e-10
vdd_1v8: 1.8
vgate: 0.6916538
vres: 0.06689321
