diff_i: -1.681914e-09
diff_v: 0.001732753
i_leftmost: -2.536792e-09
i_rightmost: -8.548773e-10
vdd_1v8: 1.8
vgate: 0.693789
vres: 0.06490255
