diff_i: -1.902119e-09
diff_v: 0.006013013
i_leftmost: -2.727204e-09
i_rightmost: -8.250845e-10
vdd_1v8: 1.8
vgate: 0.6896774
vres: 0.06869482
