diff_i: -1.546405e-09
diff_v: 0.002212514
i_leftmost: -2.576964e-09
i_rightmost: -1.030559e-09
vdd_1v8: 1.8
vgate: 0.6950822
vres: 0.06517688
