diff_i: -1.881521e-09
diff_v: 0.006872856
i_leftmost: -2.635592e-09
i_rightmost: -7.540712e-10
vdd_1v8: 1.8
vgate: 0.6860437
vres: 0.07144134
