diff_i: -1.868796e-09
diff_v: 0.003965735
i_leftmost: -2.6929e-09
i_rightmost: -8.241034e-10
vdd_1v8: 1.8
vgate: 0.6921802
vres: 0.06686584
