diff_i: -1.72725e-09
diff_v: 0.001265149
i_leftmost: -2.312979e-09
i_rightmost: -5.857294e-10
vdd_1v8: 1.8
vgate: 0.695904
vres: 0.06404368
