diff_i: -1.79143e-09
diff_v: 0.01044279
i_leftmost: -2.960004e-09
i_rightmost: -1.168574e-09
vdd_1v8: 1.8
vgate: 0.6813791
vres: 0.07460985
