diff_i: 3.78575e-09
diff_v: 0.01400641
i_leftmost: 6.275494e-09
i_rightmost: 2.489744e-09
vdd_1v8: 1.8
vgate: 0.7254363
vres: 0.07752802
