diff_i: -1.51151e-09
diff_v: 0.004061462
i_leftmost: -2.545442e-09
i_rightmost: -1.033933e-09
vdd_1v8: 1.8
vgate: 0.691216
vres: 0.06753152
