diff_i: -1.7024e-09
diff_v: 0.005815078
i_leftmost: -2.594137e-09
i_rightmost: -8.917368e-10
vdd_1v8: 1.8
vgate: 0.6892948
vres: 0.06883594
