diff_i: -1.856974e-09
diff_v: 0.00300489
i_leftmost: -2.655296e-09
i_rightmost: -7.983215e-10
vdd_1v8: 1.8
vgate: 0.6943293
vres: 0.06586258
