diff_i: -1.866518e-09
diff_v: 0.00531838
i_leftmost: -2.569982e-09
i_rightmost: -7.034635e-10
vdd_1v8: 1.8
vgate: 0.6901935
vres: 0.06840874
