ouais: 0.7333676
vdd_1v8: 1.8
vres: 0.0761727
