ouais: 0.7330067
vdd_1v8: 1.8
vres: 0.0761815
