ouais: 0.723811
vdd_1v8: 1.8
vres: 0.06892896
