ouais: 0.7242586
vdd_1v8: 1.8
vres: 0.06936592
