ouais: 0.7387982
vdd_1v8: 1.8
vres: 0.07994179
