ouais: 0.7291135
vdd_1v8: 1.8
vres: 0.07298301
