ouais: 0.7295744
vdd_1v8: 1.8
vres: 0.07368032
