ouais: 0.7203268
vdd_1v8: 1.8
vres: 0.06680607
