ouais: 0.7283822
vdd_1v8: 1.8
vres: 0.07255282
