ouais: 0.738585
vdd_1v8: 1.8
vres: 0.08006485
