ouais: 0.7340814
vdd_1v8: 1.8
vres: 0.07683568
