ouais: 0.7256578
vdd_1v8: 1.8
vres: 0.07032479
