ouais: 0.7295175
vdd_1v8: 1.8
vres: 0.07334422
