ouais: 0.7459908
vdd_1v8: 1.8
vres: 0.08507452
