ouais: 0.734373
vdd_1v8: 1.8
vres: 0.07635828
