ouais: 0.7229308
vdd_1v8: 1.8
vres: 0.06894167
