ouais: 0.7283686
vdd_1v8: 1.8
vres: 0.07314983
