ouais: 0.725464
vdd_1v8: 1.8
vres: 0.07017592
