ouais: 0.7293579
vdd_1v8: 1.8
vres: 0.06943744
