ouais: 0.7345801
vdd_1v8: 1.8
vres: 0.07701444
