ouais: 0.7286789
vdd_1v8: 1.8
vres: 0.0725613
