ouais: 0.7386176
vdd_1v8: 1.8
vres: 0.0834004
