ouais: 0.7295048
vdd_1v8: 1.8
vres: 0.07339335
