ouais: 0.7356498
vdd_1v8: 1.8
vres: 0.07823447
