ouais: 0.7296417
vdd_1v8: 1.8
vres: 0.07351163
