ouais: 0.7299239
vdd_1v8: 1.8
vres: 0.07323028
