ouais: 0.7298051
vdd_1v8: 1.8
vres: 0.0732772
