ouais: 0.7313533
vdd_1v8: 1.8
vres: 0.07451711
