ouais: 0.727531
vdd_1v8: 1.8
vres: 0.07202786
