ouais: 0.7233653
vdd_1v8: 1.8
vres: 0.06898752
