ouais: 0.73729
vdd_1v8: 1.8
vres: 0.07846095
