ouais: 0.7292193
vdd_1v8: 1.8
vres: 0.07296394
