ouais: 0.7259391
vdd_1v8: 1.8
vres: 0.07067349
