ouais: 0.7359527
vdd_1v8: 1.8
vres: 0.07772603
