ouais: 0.7346571
vdd_1v8: 1.8
vres: 0.07739181
