ouais: 0.7274814
vdd_1v8: 1.8
vres: 0.0720422
