ouais: 0.7199053
vdd_1v8: 1.8
vres: 0.0665395
