diff_i: -3.847536e-09
diff_v: 0.007816753
i_leftmost: -5.708883e-09
i_rightmost: -1.861347e-09
vdd_1v8: 1.8
vgate: 0.6603411
vres: 0.06594424
