diff_i: -4.002711e-09
diff_v: 0.003232075
i_leftmost: -6.120028e-09
i_rightmost: -2.117316e-09
vdd_1v8: 1.8
vgate: 0.6644776
vres: 0.06163331
