diff_i: -4.275961e-09
diff_v: -0.004298217
i_leftmost: -6.784627e-09
i_rightmost: -2.508666e-09
vdd_1v8: 1.8
vgate: 0.6768289
vres: 0.05300928
