diff_i: -3.775529e-09
diff_v: -0.001925117
i_leftmost: -6.034024e-09
i_rightmost: -2.258495e-09
vdd_1v8: 1.8
vgate: 0.6714325
vres: 0.05633276
