diff_i: -3.976351e-09
diff_v: 0.005072065
i_leftmost: -5.901915e-09
i_rightmost: -1.925564e-09
vdd_1v8: 1.8
vgate: 0.6657008
vres: 0.06184029
