diff_i: -3.807839e-09
diff_v: 0.002476312
i_leftmost: -6.078276e-09
i_rightmost: -2.270438e-09
vdd_1v8: 1.8
vgate: 0.66685
vres: 0.06038222
