diff_i: -4.111708e-09
diff_v: 0.008010854
i_leftmost: -6.726868e-09
i_rightmost: -2.61516e-09
vdd_1v8: 1.8
vgate: 0.6593461
vres: 0.06613432
