diff_i: -4.081632e-09
diff_v: 0.004011716
i_leftmost: -6.497833e-09
i_rightmost: -2.416201e-09
vdd_1v8: 1.8
vgate: 0.6641154
vres: 0.06233299
