diff_i: -4.045392e-09
diff_v: 0.003694585
i_leftmost: -6.648135e-09
i_rightmost: -2.602743e-09
vdd_1v8: 1.8
vgate: 0.6654079
vres: 0.06131861
