diff_i: -3.918377e-09
diff_v: 0.001982138
i_leftmost: -6.263451e-09
i_rightmost: -2.345074e-09
vdd_1v8: 1.8
vgate: 0.6675998
vres: 0.05963522
