diff_i: -3.89603e-09
diff_v: 0.007598193
i_leftmost: -6.40471e-09
i_rightmost: -2.50868e-09
vdd_1v8: 1.8
vgate: 0.6577093
vres: 0.06620396
