diff_i: -3.744918e-09
diff_v: 0.003754176
i_leftmost: -5.665513e-09
i_rightmost: -1.920595e-09
vdd_1v8: 1.8
vgate: 0.6658386
vres: 0.06176622
