diff_i: -4.144426e-09
diff_v: -0.002924969
i_leftmost: -6.104368e-09
i_rightmost: -1.959942e-09
vdd_1v8: 1.8
vgate: 0.6761873
vres: 0.05432868
