diff_i: -4.023259e-09
diff_v: 0.009320701
i_leftmost: -6.711062e-09
i_rightmost: -2.687802e-09
vdd_1v8: 1.8
vgate: 0.6575601
vres: 0.06783592
