diff_i: -4.052157e-09
diff_v: -0.001443766
i_leftmost: -6.170923e-09
i_rightmost: -2.118766e-09
vdd_1v8: 1.8
vgate: 0.6719926
vres: 0.05665261
