diff_i: -4.047498e-09
diff_v: 0.008548009
i_leftmost: -6.707854e-09
i_rightmost: -2.660356e-09
vdd_1v8: 1.8
vgate: 0.6572468
vres: 0.06700077
