diff_i: -3.579322e-09
diff_v: 0.007230934
i_leftmost: -5.681626e-09
i_rightmost: -2.102304e-09
vdd_1v8: 1.8
vgate: 0.6589999
vres: 0.06575455
