diff_i: -3.734386e-09
diff_v: 0.005719652
i_leftmost: -5.62855e-09
i_rightmost: -1.894164e-09
vdd_1v8: 1.8
vgate: 0.6629525
vres: 0.06357238
