diff_i: -3.835277e-09
diff_v: 0.01001451
i_leftmost: -5.947719e-09
i_rightmost: -2.112441e-09
vdd_1v8: 1.8
vgate: 0.6569439
vres: 0.06809875
