diff_i: -4.294513e-09
diff_v: 0.0002608902
i_leftmost: -6.830035e-09
i_rightmost: -2.535521e-09
vdd_1v8: 1.8
vgate: 0.6707529
vres: 0.05780891
