diff_i: -4.064157e-09
diff_v: -0.002112018
i_leftmost: -6.580444e-09
i_rightmost: -2.516286e-09
vdd_1v8: 1.8
vgate: 0.6718503
vres: 0.05624034
