diff_i: -4.118491e-09
diff_v: 0.006347111
i_leftmost: -6.545463e-09
i_rightmost: -2.426972e-09
vdd_1v8: 1.8
vgate: 0.6615935
vres: 0.06454618
