diff_i: -3.889408e-09
diff_v: 0.004346964
i_leftmost: -5.960449e-09
i_rightmost: -2.071041e-09
vdd_1v8: 1.8
vgate: 0.664239
vres: 0.06205272
