diff_i: -3.89293e-09
diff_v: 0.007217835
i_leftmost: -5.740288e-09
i_rightmost: -1.847358e-09
vdd_1v8: 1.8
vgate: 0.6614486
vres: 0.06495362
