diff_i: -3.924568e-09
diff_v: 0.004169758
i_leftmost: -6.041665e-09
i_rightmost: -2.117097e-09
vdd_1v8: 1.8
vgate: 0.6645553
vres: 0.06201276
