diff_i: -3.743331e-09
diff_v: 0.004404765
i_leftmost: -5.821721e-09
i_rightmost: -2.07839e-09
vdd_1v8: 1.8
vgate: 0.6632475
vres: 0.06261411
