diff_i: -4.006799e-09
diff_v: 0.008193358
i_leftmost: -6.174853e-09
i_rightmost: -2.168053e-09
vdd_1v8: 1.8
vgate: 0.6572883
vres: 0.06700532
