diff_i: -3.986535e-09
diff_v: 0.0003668428
i_leftmost: -5.975399e-09
i_rightmost: -1.988864e-09
vdd_1v8: 1.8
vgate: 0.6697733
vres: 0.057918
