diff_i: 6.519181e-10
diff_v: 0.01063223
i_leftmost: 1.699936e-09
i_rightmost: 1.048018e-09
vdd_1v8: 1.8
vgate: 0.6890854
vres: 0.06912852
