diff_i: -3.869024e-09
diff_v: 0.005706929
i_leftmost: -5.98959e-09
i_rightmost: -2.120565e-09
vdd_1v8: 1.8
vgate: 0.6625667
vres: 0.06359506
