diff_i: -4.082557e-09
diff_v: -0.001121164
i_leftmost: -6.269201e-09
i_rightmost: -2.186644e-09
vdd_1v8: 1.8
vgate: 0.6706381
vres: 0.05707406
