diff_i: -4.141232e-09
diff_v: 0.001008226
i_leftmost: -6.541326e-09
i_rightmost: -2.400094e-09
vdd_1v8: 1.8
vgate: 0.6695143
vres: 0.05848227
