diff_i: -3.985687e-09
diff_v: 0.003532996
i_leftmost: -6.298516e-09
i_rightmost: -2.312829e-09
vdd_1v8: 1.8
vgate: 0.6648526
vres: 0.06155973
