diff_i: 9.571437e-10
diff_v: 0.0007072681
i_leftmost: 5.670058e-09
i_rightmost: 4.712914e-09
vdd_1v8: 1.8
vgate: 0.6232094
vres: 0.05856718
