diff_i: 2.393698e-09
diff_v: 0.01226308
i_leftmost: 3.999598e-09
i_rightmost: 1.605899e-09
vdd_1v8: 1.8
vgate: 0.6984596
vres: 0.07079496
