diff_i: -1.284299e-09
diff_v: 0.001677301
i_leftmost: 1.626082e-09
i_rightmost: 2.910381e-09
vdd_1v8: 1.8
vgate: 0.6326976
vres: 0.0593892
