diff_i: -3.927683e-09
diff_v: 0.001998985
i_leftmost: -6.351475e-09
i_rightmost: -2.423792e-09
vdd_1v8: 1.8
vgate: 0.664904
vres: 0.0603938
