diff_i: -4.21489e-09
diff_v: 0.003625706
i_leftmost: -6.904586e-09
i_rightmost: -2.689695e-09
vdd_1v8: 1.8
vgate: 0.6657173
vres: 0.06098185
