ouais: 0.6876359
vdd_1v8: 1.8
vres: 0.07606409
