ouais: 0.7078158
vdd_1v8: 1.8
vres: 0.08942137
