ouais: 0.6953181
vdd_1v8: 1.8
vres: 0.08182928
