ouais: 0.6939697
vdd_1v8: 1.8
vres: 0.08018932
