ouais: 0.6896062
vdd_1v8: 1.8
vres: 0.07671204
