ouais: 0.702076
vdd_1v8: 1.8
vres: 0.08578006
