ouais: 0.702939
vdd_1v8: 1.8
vres: 0.08675078
