ouais: 0.6837646
vdd_1v8: 1.8
vres: 0.07314953
