ouais: 0.6898007
vdd_1v8: 1.8
vres: 0.07768239
