ouais: 0.6931642
vdd_1v8: 1.8
vres: 0.080429
