ouais: 0.6931045
vdd_1v8: 1.8
vres: 0.07963948
