ouais: 0.6912713
vdd_1v8: 1.8
vres: 0.0780831
