ouais: 0.7055589
vdd_1v8: 1.8
vres: 0.09255553
