ouais: 0.7006039
vdd_1v8: 1.8
vres: 0.08558482
