ouais: 0.7119802
vdd_1v8: 1.8
vres: 0.09322301
