ouais: 0.6936675
vdd_1v8: 1.8
vres: 0.08053278
