ouais: 0.704478
vdd_1v8: 1.8
vres: 0.08807522
