ouais: 0.6877727
vdd_1v8: 1.8
vres: 0.07546786
