ouais: 0.6841824
vdd_1v8: 1.8
vres: 0.07395515
