ouais: 0.6908883
vdd_1v8: 1.8
vres: 0.07842674
