ouais: 0.698031
vdd_1v8: 1.8
vres: 0.08329534
