ouais: 0.6915298
vdd_1v8: 1.8
vres: 0.07893462
