ouais: 0.6969451
vdd_1v8: 1.8
vres: 0.08265321
