ouais: 0.6858406
vdd_1v8: 1.8
vres: 0.07457581
