ouais: 0.6911887
vdd_1v8: 1.8
vres: 0.07889645
