ouais: 0.6927917
vdd_1v8: 1.8
vres: 0.07974286
