ouais: 0.6924824
vdd_1v8: 1.8
vres: 0.08045868
