ouais: 0.6925406
vdd_1v8: 1.8
vres: 0.07911737
