ouais: 0.6913144
vdd_1v8: 1.8
vres: 0.07824831
