ouais: 0.6991231
vdd_1v8: 1.8
vres: 0.08452718
