ouais: 0.701749
vdd_1v8: 1.8
vres: 0.08579749
