ouais: 0.7028976
vdd_1v8: 1.8
vres: 0.08571054
