ouais: 0.6986519
vdd_1v8: 1.8
vres: 0.08365473
