ouais: 0.6920383
vdd_1v8: 1.8
vres: 0.07473701
