ouais: 0.698715
vdd_1v8: 1.8
vres: 0.08323613
