ouais: 0.6996517
vdd_1v8: 1.8
vres: 0.08490043
