ouais: 0.6972142
vdd_1v8: 1.8
vres: 0.08224019
