diff_i: -1.780842e-09
diff_v: 0.002707597
i_leftmost: -1.150488e-09
i_rightmost: 6.303537e-10
vdd_1v8: 1.8
vgate: 0.6334701
vres: 0.05550831
