diff_i: -1.904464e-09
diff_v: 0.009546001
i_leftmost: -1.049693e-09
i_rightmost: 8.547715e-10
vdd_1v8: 1.8
vgate: 0.6251142
vres: 0.06191593
