diff_i: -2.031787e-09
diff_v: 0.002964941
i_leftmost: -1.281164e-09
i_rightmost: 7.50623e-10
vdd_1v8: 1.8
vgate: 0.6329693
vres: 0.05537001
