diff_i: -2.054451e-09
diff_v: 0.0005846281
i_leftmost: -1.437863e-09
i_rightmost: 6.165885e-10
vdd_1v8: 1.8
vgate: 0.6360842
vres: 0.0528662
