diff_i: -2.039215e-09
diff_v: 0.003632733
i_leftmost: -1.340382e-09
i_rightmost: 6.98833e-10
vdd_1v8: 1.8
vgate: 0.631682
vres: 0.05642288
