diff_i: -1.64565e-09
diff_v: -0.0003438761
i_leftmost: -9.629518e-10
i_rightmost: 6.826986e-10
vdd_1v8: 1.8
vgate: 0.6344714
vres: 0.05346634
