diff_i: -1.773755e-09
diff_v: 0.004394017
i_leftmost: -1.064862e-09
i_rightmost: 7.088931e-10
vdd_1v8: 1.8
vgate: 0.6313863
vres: 0.05645329
