diff_i: -2.345744e-09
diff_v: 0.006884583
i_leftmost: -1.917548e-09
i_rightmost: 4.281958e-10
vdd_1v8: 1.8
vgate: 0.6267159
vres: 0.06011676
