diff_i: -2.0751e-09
diff_v: 0.001813219
i_leftmost: -1.306355e-09
i_rightmost: 7.687447e-10
vdd_1v8: 1.8
vgate: 0.6340171
vres: 0.05413156
