diff_i: -1.934454e-09
diff_v: 0.004763108
i_leftmost: -1.261747e-09
i_rightmost: 6.727066e-10
vdd_1v8: 1.8
vgate: 0.6282722
vres: 0.05819529
