diff_i: -6.500537e-10
diff_v: 0.009926515
i_leftmost: -1.74683e-09
i_rightmost: -1.096777e-09
vdd_1v8: 1.8
vgate: 0.6673852
vres: 0.06270215
