diff_i: -1.989388e-09
diff_v: 0.0009465719
i_leftmost: -1.261134e-09
i_rightmost: 7.28254e-10
vdd_1v8: 1.8
vgate: 0.6345587
vres: 0.05411112
