diff_i: -1.785635e-09
diff_v: 0.005422416
i_leftmost: -9.441796e-10
i_rightmost: 8.414554e-10
vdd_1v8: 1.8
vgate: 0.6297694
vres: 0.05760566
