diff_i: -1.69394e-09
diff_v: 0.003202731
i_leftmost: -9.946181e-10
i_rightmost: 6.993218e-10
vdd_1v8: 1.8
vgate: 0.6341621
vres: 0.05497822
