diff_i: -2.102897e-09
diff_v: 0.006278891
i_leftmost: -1.327694e-09
i_rightmost: 7.752033e-10
vdd_1v8: 1.8
vgate: 0.6271774
vres: 0.05955212
