diff_i: -2.458671e-09
diff_v: 0.004566891
i_leftmost: -1.700319e-09
i_rightmost: 7.583515e-10
vdd_1v8: 1.8
vgate: 0.6313819
vres: 0.05663827
