diff_i: -2.061177e-09
diff_v: -0.0009825338
i_leftmost: -1.362264e-09
i_rightmost: 6.989126e-10
vdd_1v8: 1.8
vgate: 0.63824
vres: 0.0516001
