diff_i: -1.912854e-09
diff_v: 0.003398452
i_leftmost: -1.27224e-09
i_rightmost: 6.40614e-10
vdd_1v8: 1.8
vgate: 0.6340102
vres: 0.05481622
