diff_i: -2.064392e-09
diff_v: -0.001302758
i_leftmost: -1.376386e-09
i_rightmost: 6.880066e-10
vdd_1v8: 1.8
vgate: 0.6392212
vres: 0.05073666
