diff_i: -1.890017e-09
diff_v: 0.002790642
i_leftmost: -1.28067e-09
i_rightmost: 6.093467e-10
vdd_1v8: 1.8
vgate: 0.63118
vres: 0.05558274
