diff_i: -2.333455e-09
diff_v: -0.002794638
i_leftmost: -1.655742e-09
i_rightmost: 6.777134e-10
vdd_1v8: 1.8
vgate: 0.6421946
vres: 0.04915116
