diff_i: -2.09199e-09
diff_v: 0.003737745
i_leftmost: -1.436828e-09
i_rightmost: 6.551625e-10
vdd_1v8: 1.8
vgate: 0.6300207
vres: 0.0567206
