diff_i: -1.918204e-09
diff_v: -0.001893195
i_leftmost: -9.953659e-10
i_rightmost: 9.228381e-10
vdd_1v8: 1.8
vgate: 0.642196
vres: 0.04889666
