diff_i: -1.647582e-09
diff_v: 0.008781973
i_leftmost: -8.758884e-10
i_rightmost: 7.716937e-10
vdd_1v8: 1.8
vgate: 0.626448
vres: 0.0603779
