diff_i: -2.10603e-09
diff_v: 0.008784917
i_leftmost: -1.483901e-09
i_rightmost: 6.221285e-10
vdd_1v8: 1.8
vgate: 0.62784
vres: 0.05972186
