diff_i: -2.023302e-09
diff_v: 0.003466047
i_leftmost: -1.37823e-09
i_rightmost: 6.450728e-10
vdd_1v8: 1.8
vgate: 0.6320127
vres: 0.05606544
