diff_i: -1.538997e-09
diff_v: 0.01015913
i_leftmost: -9.006293e-10
i_rightmost: 6.383675e-10
vdd_1v8: 1.8
vgate: 0.6229689
vres: 0.06349524
