diff_i: 4.745389e-10
diff_v: 0.0006460137
i_leftmost: 3.76801e-09
i_rightmost: 3.293471e-09
vdd_1v8: 1.8
vgate: 0.6022918
vres: 0.0527859
