diff_i: -2.015067e-09
diff_v: 0.0002219854
i_leftmost: -1.311553e-09
i_rightmost: 7.035146e-10
vdd_1v8: 1.8
vgate: 0.6362321
vres: 0.05269599
