diff_i: -2.047422e-09
diff_v: 0.005819614
i_leftmost: -1.402899e-09
i_rightmost: 6.445237e-10
vdd_1v8: 1.8
vgate: 0.6312476
vres: 0.0572404
