diff_i: -1.970082e-09
diff_v: 0.004335303
i_leftmost: -1.305422e-09
i_rightmost: 6.646599e-10
vdd_1v8: 1.8
vgate: 0.6321271
vres: 0.05621193
