diff_i: 1.350583e-09
diff_v: 0.0005420586
i_leftmost: 2.521177e-09
i_rightmost: 1.170595e-09
vdd_1v8: 1.8
vgate: 0.5925671
vres: 0.05281623
