diff_i: -2.284729e-09
diff_v: 0.004776694
i_leftmost: -1.624902e-09
i_rightmost: 6.59827e-10
vdd_1v8: 1.8
vgate: 0.6297067
vres: 0.05758366
