diff_i: -2.278896e-09
diff_v: -0.003078109
i_leftmost: -1.555298e-09
i_rightmost: 7.235985e-10
vdd_1v8: 1.8
vgate: 0.6441737
vres: 0.04774544
