diff_i: -3.126672e-09
diff_v: 0.008995106
i_leftmost: -4.415478e-09
i_rightmost: -1.288806e-09
vdd_1v8: 1.8
vgate: 0.6577919
vres: 0.06175937
