diff_i: -1.929863e-09
diff_v: 0.003873289
i_leftmost: -1.193108e-09
i_rightmost: 7.367544e-10
vdd_1v8: 1.8
vgate: 0.6284123
vres: 0.05794255
