diff_i: -1.945114e-09
diff_v: 0.001675703
i_leftmost: -1.305468e-09
i_rightmost: 6.396465e-10
vdd_1v8: 1.8
vgate: 0.6328163
vres: 0.0549465
