diff_i: -2.029214e-09
diff_v: 0.0060454
i_leftmost: -1.285766e-09
i_rightmost: 7.434483e-10
vdd_1v8: 1.8
vgate: 0.6263852
vres: 0.05969189
