ouais: 0.804236
vdd_1v8: 1.8
vres: 0.06912852
