ouais: 0.7982558
vdd_1v8: 1.8
vres: 0.06186831
