ouais: 0.7909131
vdd_1v8: 1.8
vres: 0.05682064
