ouais: 0.7912432
vdd_1v8: 1.8
vres: 0.05702934
