ouais: 0.7997445
vdd_1v8: 1.8
vres: 0.06290418
