ouais: 0.7905482
vdd_1v8: 1.8
vres: 0.05658379
