ouais: 0.8107744
vdd_1v8: 1.8
vres: 0.07079496
