ouais: 0.7893488
vdd_1v8: 1.8
vres: 0.05578218
