ouais: 0.7957238
vdd_1v8: 1.8
vres: 0.06008287
