ouais: 0.7944304
vdd_1v8: 1.8
vres: 0.0592298
