ouais: 0.7978036
vdd_1v8: 1.8
vres: 0.06155973
