ouais: 0.7917123
vdd_1v8: 1.8
vres: 0.05731144
