ouais: 0.8016283
vdd_1v8: 1.8
vres: 0.06423472
