ouais: 0.7945309
vdd_1v8: 1.8
vres: 0.05933117
