ouais: 0.7964585
vdd_1v8: 1.8
vres: 0.06061161
