ouais: 0.7987959
vdd_1v8: 1.8
vres: 0.0593892
