ouais: 0.79194
vdd_1v8: 1.8
vres: 0.05751329
