ouais: 0.8051468
vdd_1v8: 1.8
vres: 0.06679502
