ouais: 0.7992427
vdd_1v8: 1.8
vres: 0.06253931
