ouais: 0.805935
vdd_1v8: 1.8
vres: 0.06732055
