ouais: 0.7975231
vdd_1v8: 1.8
vres: 0.06134409
