ouais: 0.7986838
vdd_1v8: 1.8
vres: 0.0622247
