ouais: 0.795858
vdd_1v8: 1.8
vres: 0.06020169
