ouais: 0.7980608
vdd_1v8: 1.8
vres: 0.06174867
