ouais: 0.8042331
vdd_1v8: 1.8
vres: 0.06609675
