ouais: 0.8004469
vdd_1v8: 1.8
vres: 0.06337966
