ouais: 0.7873191
vdd_1v8: 1.8
vres: 0.05437419
