ouais: 0.7953066
vdd_1v8: 1.8
vres: 0.05985442
