ouais: 0.7952178
vdd_1v8: 1.8
vres: 0.05972545
