ouais: 0.7979519
vdd_1v8: 1.8
vres: 0.06170294
