ouais: 0.7956925
vdd_1v8: 1.8
vres: 0.06008583
