ouais: 0.7934821
vdd_1v8: 1.8
vres: 0.05856718
