ouais: 0.7931177
vdd_1v8: 1.8
vres: 0.05831749
