ouais: 0.7970689
vdd_1v8: 1.8
vres: 0.06104179
