diff_i: 9.225276e-12
diff_v: 0.002137461
i_leftmost: 3.319844e-09
i_rightmost: 3.310619e-09
vdd_1v8: 1.8
vgate: 0.6047468
vres: 0.04970719
