diff_i: 1.365545e-10
diff_v: -0.0001044076
i_leftmost: 4.140054e-09
i_rightmost: 4.003499e-09
vdd_1v8: 1.8
vgate: 0.6057322
vres: 0.04873539
