diff_i: 4.28526e-11
diff_v: 0.001659069
i_leftmost: 3.46215e-09
i_rightmost: 3.419298e-09
vdd_1v8: 1.8
vgate: 0.6046718
vres: 0.04892904
