diff_i: 1.614388e-11
diff_v: 0.00589999
i_leftmost: 3.415181e-09
i_rightmost: 3.399037e-09
vdd_1v8: 1.8
vgate: 0.5980444
vres: 0.05411454
