diff_i: 3.704162e-11
diff_v: 0.006443429
i_leftmost: 3.82048e-09
i_rightmost: 3.783439e-09
vdd_1v8: 1.8
vgate: 0.5978282
vres: 0.05350666
