diff_i: 3.090932e-11
diff_v: 0.003734907
i_leftmost: 3.60984e-09
i_rightmost: 3.578931e-09
vdd_1v8: 1.8
vgate: 0.6022835
vres: 0.05055896
