diff_i: 9.826225e-11
diff_v: 0.001884147
i_leftmost: 4.038571e-09
i_rightmost: 3.940308e-09
vdd_1v8: 1.8
vgate: 0.6053585
vres: 0.04850394
