diff_i: -1.175997e-09
diff_v: 0.006523991
i_leftmost: -2.863726e-09
i_rightmost: -1.687729e-09
vdd_1v8: 1.8
vgate: 0.6404278
vres: 0.05401801
