diff_i: 2.580727e-10
diff_v: -0.0004106526
i_leftmost: 4.056171e-09
i_rightmost: 3.798099e-09
vdd_1v8: 1.8
vgate: 0.6106545
vres: 0.04533027
