diff_i: 1.543961e-10
diff_v: 0.003052465
i_leftmost: 3.714233e-09
i_rightmost: 3.559837e-09
vdd_1v8: 1.8
vgate: 0.6029255
vres: 0.04999883
