diff_i: 4.088187e-11
diff_v: -0.001064062
i_leftmost: 3.145676e-09
i_rightmost: 3.104794e-09
vdd_1v8: 1.8
vgate: 0.6096951
vres: 0.04543493
