diff_i: 1.293792e-10
diff_v: -0.000223975
i_leftmost: 3.539503e-09
i_rightmost: 3.410124e-09
vdd_1v8: 1.8
vgate: 0.6096252
vres: 0.0457758
