diff_i: 1.18838e-10
diff_v: -0.001652088
i_leftmost: 3.6161e-09
i_rightmost: 3.497262e-09
vdd_1v8: 1.8
vgate: 0.6098156
vres: 0.04574142
