diff_i: 5.197218e-11
diff_v: 0.002987157
i_leftmost: 3.747214e-09
i_rightmost: 3.695242e-09
vdd_1v8: 1.8
vgate: 0.6025086
vres: 0.05046556
