diff_i: 1.179538e-10
diff_v: -0.002599118
i_leftmost: 3.226098e-09
i_rightmost: 3.108145e-09
vdd_1v8: 1.8
vgate: 0.6129251
vres: 0.04297813
