diff_i: 7.444494e-11
diff_v: -0.001133801
i_leftmost: 3.794775e-09
i_rightmost: 3.72033e-09
vdd_1v8: 1.8
vgate: 0.6079526
vres: 0.04659095
