diff_i: -1.960968e-09
diff_v: 0.007246821
i_leftmost: -2.572763e-09
i_rightmost: -6.117955e-10
vdd_1v8: 1.8
vgate: 0.6292466
vres: 0.05479499
