diff_i: 9.91739e-11
diff_v: 0.003927229
i_leftmost: 3.445589e-09
i_rightmost: 3.346415e-09
vdd_1v8: 1.8
vgate: 0.6025477
vres: 0.05092209
