diff_i: 1.137236e-10
diff_v: -0.0002003466
i_leftmost: 3.52106e-09
i_rightmost: 3.407337e-09
vdd_1v8: 1.8
vgate: 0.6131208
vres: 0.04352729
