diff_i: 1.12259e-10
diff_v: 0.00665803
i_leftmost: 3.837656e-09
i_rightmost: 3.725397e-09
vdd_1v8: 1.8
vgate: 0.5994059
vres: 0.05288787
