diff_i: 7.966072e-12
diff_v: 0.007166634
i_leftmost: 4.063334e-09
i_rightmost: 4.055368e-09
vdd_1v8: 1.8
vgate: 0.5945007
vres: 0.05657787
