diff_i: 3.195625e-10
diff_v: -0.00462256
i_leftmost: -6.031324e-10
i_rightmost: -9.226949e-10
vdd_1v8: 1.8
vgate: 0.5811915
vres: 0.04224062
