diff_i: 5.677434e-11
diff_v: -0.000913608
i_leftmost: 3.270269e-09
i_rightmost: 3.213495e-09
vdd_1v8: 1.8
vgate: 0.6089607
vres: 0.04583346
