diff_i: 1.398182e-10
diff_v: 0.0001902861
i_leftmost: 3.931188e-09
i_rightmost: 3.79137e-09
vdd_1v8: 1.8
vgate: 0.6119519
vres: 0.04395978
