diff_i: 1.168139e-10
diff_v: 0.001216657
i_leftmost: 3.697125e-09
i_rightmost: 3.580311e-09
vdd_1v8: 1.8
vgate: 0.6053063
vres: 0.04844945
