diff_i: 1.258379e-10
diff_v: -0.005570795
i_leftmost: 3.704163e-09
i_rightmost: 3.578325e-09
vdd_1v8: 1.8
vgate: 0.6153212
vres: 0.04131071
