diff_i: 6.659811e-11
diff_v: 0.008613578
i_leftmost: 2.90576e-09
i_rightmost: 2.839162e-09
vdd_1v8: 1.8
vgate: 0.5948363
vres: 0.05624398
