diff_i: 1.39539e-10
diff_v: -0.001171277
i_leftmost: 3.668006e-09
i_rightmost: 3.528467e-09
vdd_1v8: 1.8
vgate: 0.6088771
vres: 0.04654104
