diff_i: 8.401677e-11
diff_v: -0.0005655296
i_leftmost: 3.348475e-09
i_rightmost: 3.264458e-09
vdd_1v8: 1.8
vgate: 0.6044602
vres: 0.04885146
