diff_i: 6.517603e-11
diff_v: 0.007290994
i_leftmost: 3.290208e-09
i_rightmost: 3.225032e-09
vdd_1v8: 1.8
vgate: 0.5993905
vres: 0.05269923
