diff_i: 1.060064e-10
diff_v: 0.0008867526
i_leftmost: 3.418635e-09
i_rightmost: 3.312629e-09
vdd_1v8: 1.8
vgate: 0.608478
vres: 0.04658727
