diff_i: -2.854715e-10
diff_v: -0.0009591638
i_leftmost: -3.510603e-09
i_rightmost: -3.225132e-09
vdd_1v8: 1.8
vgate: 0.5662561
vres: 0.04616538
