diff_i: 1.166194e-10
diff_v: -0.0002770386
i_leftmost: 3.650063e-09
i_rightmost: 3.533444e-09
vdd_1v8: 1.8
vgate: 0.6082067
vres: 0.04632248
