diff_i: 1.053078e-10
diff_v: -0.003239528
i_leftmost: 3.26384e-09
i_rightmost: 3.158532e-09
vdd_1v8: 1.8
vgate: 0.610047
vres: 0.04590816
