diff_i: 1.034701e-10
diff_v: -0.000377627
i_leftmost: 3.312212e-09
i_rightmost: 3.208742e-09
vdd_1v8: 1.8
vgate: 0.6072565
vres: 0.04741317
