diff_i: 8.924361e-11
diff_v: 0.003726329
i_leftmost: 3.698564e-09
i_rightmost: 3.609321e-09
vdd_1v8: 1.8
vgate: 0.6015119
vres: 0.0509023
