diff_i: 1.016202e-10
diff_v: 0.002126658
i_leftmost: 3.177549e-09
i_rightmost: 3.075929e-09
vdd_1v8: 1.8
vgate: 0.6061352
vres: 0.04833943
