diff_i: 1.613557e-10
diff_v: 0.0003970127
i_leftmost: 3.379932e-09
i_rightmost: 3.218577e-09
vdd_1v8: 1.8
vgate: 0.6071719
vres: 0.04764049
