ouais: 0.762024
vdd_1v8: 1.8
vres: 0.06488994
