ouais: 0.7631463
vdd_1v8: 1.8
vres: 0.06543074
