ouais: 0.7635546
vdd_1v8: 1.8
vres: 0.06568959
