ouais: 0.760213
vdd_1v8: 1.8
vres: 0.06350845
