ouais: 0.7560801
vdd_1v8: 1.8
vres: 0.06074066
