ouais: 0.7686749
vdd_1v8: 1.8
vres: 0.06946365
