ouais: 0.7727526
vdd_1v8: 1.8
vres: 0.07564485
