ouais: 0.7678931
vdd_1v8: 1.8
vres: 0.06882747
