ouais: 0.774047
vdd_1v8: 1.8
vres: 0.07333446
