ouais: 0.7696485
vdd_1v8: 1.8
vres: 0.07016234
