ouais: 0.7605981
vdd_1v8: 1.8
vres: 0.06384112
