ouais: 0.7627918
vdd_1v8: 1.8
vres: 0.06511655
