ouais: 0.7604294
vdd_1v8: 1.8
vres: 0.06354551
