ouais: 0.7799868
vdd_1v8: 1.8
vres: 0.07752802
