ouais: 0.7691957
vdd_1v8: 1.8
vres: 0.06976983
