ouais: 0.7612508
vdd_1v8: 1.8
vres: 0.06437857
