ouais: 0.7567644
vdd_1v8: 1.8
vres: 0.06105817
