ouais: 0.7640167
vdd_1v8: 1.8
vres: 0.06622849
