ouais: 0.7638734
vdd_1v8: 1.8
vres: 0.06601919
