ouais: 0.7598075
vdd_1v8: 1.8
vres: 0.06329127
