ouais: 0.7626873
vdd_1v8: 1.8
vres: 0.06516686
