ouais: 0.7660312
vdd_1v8: 1.8
vres: 0.06741082
