ouais: 0.762137
vdd_1v8: 1.8
vres: 0.06472783
