ouais: 0.7636965
vdd_1v8: 1.8
vres: 0.06599136
