ouais: 0.7662485
vdd_1v8: 1.8
vres: 0.06767602
