ouais: 0.756669
vdd_1v8: 1.8
vres: 0.0611303
