ouais: 0.7604064
vdd_1v8: 1.8
vres: 0.063664
