ouais: 0.762842
vdd_1v8: 1.8
vres: 0.06520948
