ouais: 0.7650538
vdd_1v8: 1.8
vres: 0.06686584
