ouais: 0.7604792
vdd_1v8: 1.8
vres: 0.0639127
