ouais: 0.7629095
vdd_1v8: 1.8
vres: 0.06528013
