ouais: 0.7659539
vdd_1v8: 1.8
vres: 0.06421993
