diff_i: 5.137379e-09
diff_v: 0.00748568
i_leftmost: 8.633905e-09
i_rightmost: 3.496526e-09
vdd_1v8: 1.8
vgate: 0.747754
vres: 0.0813332
