diff_i: 5.499111e-09
diff_v: 0.002097132
i_leftmost: 8.885792e-09
i_rightmost: 3.386681e-09
vdd_1v8: 1.8
vgate: 0.7578657
vres: 0.07413439
