diff_i: 5.722283e-09
diff_v: 0.004828933
i_leftmost: 9.197704e-09
i_rightmost: 3.475421e-09
vdd_1v8: 1.8
vgate: 0.7540752
vres: 0.07700581
