diff_i: 5.706186e-09
diff_v: 0.007615152
i_leftmost: 9.185908e-09
i_rightmost: 3.479722e-09
vdd_1v8: 1.8
vgate: 0.7438219
vres: 0.0847401
