diff_i: 5.870209e-09
diff_v: 0.000199429
i_leftmost: 9.2739e-09
i_rightmost: 3.403692e-09
vdd_1v8: 1.8
vgate: 0.7604017
vres: 0.07306353
