diff_i: 5.622921e-09
diff_v: 0.005773929
i_leftmost: 9.092007e-09
i_rightmost: 3.469086e-09
vdd_1v8: 1.8
vgate: 0.7507543
vres: 0.07963948
