diff_i: 5.093356e-09
diff_v: 0.01134631
i_leftmost: 8.60192e-09
i_rightmost: 3.508565e-09
vdd_1v8: 1.8
vgate: 0.7442769
vres: 0.08471758
