diff_i: 5.82643e-09
diff_v: 0.004668284
i_leftmost: 9.27133e-09
i_rightmost: 3.4449e-09
vdd_1v8: 1.8
vgate: 0.7524276
vres: 0.07817899
