diff_i: 6.07555e-09
diff_v: 0.00630529
i_leftmost: 9.581414e-09
i_rightmost: 3.505864e-09
vdd_1v8: 1.8
vgate: 0.749175
vres: 0.08062433
