diff_i: 6.065426e-09
diff_v: 0.00279118
i_leftmost: 9.56011e-09
i_rightmost: 3.494683e-09
vdd_1v8: 1.8
vgate: 0.7536242
vres: 0.07797183
