diff_i: 4.537991e-09
diff_v: 0.0102691
i_leftmost: 8.073885e-09
i_rightmost: 3.535895e-09
vdd_1v8: 1.8
vgate: 0.7371506
vres: 0.08982979
