diff_i: 5.834309e-09
diff_v: 0.004435447
i_leftmost: 9.350122e-09
i_rightmost: 3.515812e-09
vdd_1v8: 1.8
vgate: 0.7494317
vres: 0.0798232
