diff_i: -5.431089e-10
diff_v: 0.001560155
i_leftmost: -8.738034e-10
i_rightmost: -3.306945e-10
vdd_1v8: 1.8
vgate: 0.7195346
vres: 0.074737
