diff_i: 5.751558e-09
diff_v: 0.00159822
i_leftmost: 9.174956e-09
i_rightmost: 3.423398e-09
vdd_1v8: 1.8
vgate: 0.7606547
vres: 0.07187118
