diff_i: 5.757735e-09
diff_v: 0.001720056
i_leftmost: 9.195378e-09
i_rightmost: 3.437642e-09
vdd_1v8: 1.8
vgate: 0.7490458
vres: 0.08150624
