diff_i: 6.084152e-09
diff_v: 0.0008793928
i_leftmost: 9.507837e-09
i_rightmost: 3.423685e-09
vdd_1v8: 1.8
vgate: 0.7596802
vres: 0.0734338
