diff_i: 5.610481e-09
diff_v: 2.209624e-05
i_leftmost: 9.018844e-09
i_rightmost: 3.408363e-09
vdd_1v8: 1.8
vgate: 0.7568369
vres: 0.07472716
