diff_i: -8.466483e-09
diff_v: 0.001055512
i_leftmost: -8.501026e-09
i_rightmost: -3.454375e-11
vdd_1v8: 1.8
vgate: 0.7061178
vres: 0.07457581
