diff_i: 5.160317e-09
diff_v: 0.0007029603
i_leftmost: 8.604842e-09
i_rightmost: 3.444525e-09
vdd_1v8: 1.8
vgate: 0.7561144
vres: 0.07590845
