diff_i: -6.685987e-09
diff_v: 0.01773255
i_leftmost: -1.860166e-09
i_rightmost: 4.825821e-09
vdd_1v8: 1.8
vgate: 0.7715516
vres: 0.09255553
