diff_i: 5.300503e-09
diff_v: 0.006262449
i_leftmost: 8.71566e-09
i_rightmost: 3.415157e-09
vdd_1v8: 1.8
vgate: 0.7521893
vres: 0.0791039
