diff_i: 5.426791e-09
diff_v: 0.01093206
i_leftmost: 8.944075e-09
i_rightmost: 3.517284e-09
vdd_1v8: 1.8
vgate: 0.7458159
vres: 0.08358342
