diff_i: 5.877906e-09
diff_v: 0.009884332
i_leftmost: 9.363664e-09
i_rightmost: 3.485758e-09
vdd_1v8: 1.8
vgate: 0.7438132
vres: 0.08496285
