diff_i: 5.72123e-09
diff_v: 0.001259437
i_leftmost: 9.085192e-09
i_rightmost: 3.363962e-09
vdd_1v8: 1.8
vgate: 0.7669902
vres: 0.06880484
