diff_i: -7.165578e-09
diff_v: 0.01846196
i_leftmost: -4.816704e-09
i_rightmost: 2.348874e-09
vdd_1v8: 1.8
vgate: 0.7840034
vres: 0.09322301
