diff_i: 6.018797e-09
diff_v: 0.00878357
i_leftmost: 9.494458e-09
i_rightmost: 3.475661e-09
vdd_1v8: 1.8
vgate: 0.7461053
vres: 0.08364655
