diff_i: 6.000201e-09
diff_v: 0.006902782
i_leftmost: 9.4735e-09
i_rightmost: 3.473299e-09
vdd_1v8: 1.8
vgate: 0.750222
vres: 0.08025573
