diff_i: 5.924013e-09
diff_v: 0.00892085
i_leftmost: 9.449704e-09
i_rightmost: 3.525691e-09
vdd_1v8: 1.8
vgate: 0.7457421
vres: 0.08369091
