diff_i: 5.412401e-09
diff_v: 0.004024676
i_leftmost: 8.900101e-09
i_rightmost: 3.4877e-09
vdd_1v8: 1.8
vgate: 0.7491946
vres: 0.08007678
