diff_i: 5.054601e-09
diff_v: 0.003343003
i_leftmost: 8.49362e-09
i_rightmost: 3.439019e-09
vdd_1v8: 1.8
vgate: 0.7497627
vres: 0.0804262
