diff_i: 5.285414e-09
diff_v: 0.003618309
i_leftmost: 8.728161e-09
i_rightmost: 3.442748e-09
vdd_1v8: 1.8
vgate: 0.7526399
vres: 0.07819418
