diff_i: 5.459344e-09
diff_v: 0.004865932
i_leftmost: 8.884118e-09
i_rightmost: 3.424774e-09
vdd_1v8: 1.8
vgate: 0.754936
vres: 0.07738759
