diff_i: 5.884998e-09
diff_v: -0.0005258559
i_leftmost: 9.335428e-09
i_rightmost: 3.450431e-09
vdd_1v8: 1.8
vgate: 0.7588643
vres: 0.07322463
