diff_i: 5.170481e-09
diff_v: 0.007945259
i_leftmost: 8.672e-09
i_rightmost: 3.501519e-09
vdd_1v8: 1.8
vgate: 0.7470803
vres: 0.08268969
