diff_i: 5.737555e-09
diff_v: 0.003757484
i_leftmost: 9.224837e-09
i_rightmost: 3.487282e-09
vdd_1v8: 1.8
vgate: 0.7521469
vres: 0.07741208
