diff_i: 5.58002e-09
diff_v: 0.00835493
i_leftmost: 9.069538e-09
i_rightmost: 3.489517e-09
vdd_1v8: 1.8
vgate: 0.7505397
vres: 0.07998048
