diff_i: 5.654142e-09
diff_v: 0.003021933
i_leftmost: 9.117875e-09
i_rightmost: 3.463732e-09
vdd_1v8: 1.8
vgate: 0.7561242
vres: 0.0758396
