diff_i: 5.896057e-09
diff_v: 0.0009494913
i_leftmost: 9.335882e-09
i_rightmost: 3.439825e-09
vdd_1v8: 1.8
vgate: 0.7561646
vres: 0.07506003
