ouais: 0.8680646
vdd_1v8: 1.8
vres: 0.04880947
