ouais: 0.8690499
vdd_1v8: 1.8
vres: 0.04967618
