ouais: 0.8645359
vdd_1v8: 1.8
vres: 0.0463832
