ouais: 0.8666806
vdd_1v8: 1.8
vres: 0.04819813
