ouais: 0.86752
vdd_1v8: 1.8
vres: 0.04861786
