ouais: 0.8735164
vdd_1v8: 1.8
vres: 0.05230075
