ouais: 0.8727173
vdd_1v8: 1.8
vres: 0.05189473
