ouais: 0.8653126
vdd_1v8: 1.8
vres: 0.04731363
