ouais: 0.8578806
vdd_1v8: 1.8
vres: 0.04193737
