ouais: 0.8676074
vdd_1v8: 1.8
vres: 0.04905826
