ouais: 0.8593411
vdd_1v8: 1.8
vres: 0.04346612
