ouais: 0.8678706
vdd_1v8: 1.8
vres: 0.04891295
