ouais: 0.8617218
vdd_1v8: 1.8
vres: 0.04448245
