ouais: 0.8608311
vdd_1v8: 1.8
vres: 0.04224062
