ouais: 0.8679208
vdd_1v8: 1.8
vres: 0.04882389
