ouais: 0.8664729
vdd_1v8: 1.8
vres: 0.04778951
