ouais: 0.8733743
vdd_1v8: 1.8
vres: 0.05239497
