ouais: 0.8699014
vdd_1v8: 1.8
vres: 0.05064882
