ouais: 0.8612129
vdd_1v8: 1.8
vres: 0.04388019
