ouais: 0.8624519
vdd_1v8: 1.8
vres: 0.04517268
