ouais: 0.8658971
vdd_1v8: 1.8
vres: 0.04687822
