ouais: 0.863325
vdd_1v8: 1.8
vres: 0.04571821
