ouais: 0.8734164
vdd_1v8: 1.8
vres: 0.05264226
