ouais: 0.8686161
vdd_1v8: 1.8
vres: 0.04923058
