ouais: 0.8671074
vdd_1v8: 1.8
vres: 0.04867001
