ouais: 0.868447
vdd_1v8: 1.8
vres: 0.04952827
