ouais: 0.8737972
vdd_1v8: 1.8
vres: 0.05294439
