ouais: 0.875233
vdd_1v8: 1.8
vres: 0.05401801
