ouais: 0.8639357
vdd_1v8: 1.8
vres: 0.04616538
