ouais: 0.8552147
vdd_1v8: 1.8
vres: 0.04071131
