ouais: 0.878572
vdd_1v8: 1.8
vres: 0.05640189
