ouais: 0.8721154
vdd_1v8: 1.8
vres: 0.05143778
