ouais: 0.8374665
vdd_1v8: 1.8
vres: 0.05696685
