ouais: 0.8349633
vdd_1v8: 1.8
vres: 0.05494576
