ouais: 0.8434829
vdd_1v8: 1.8
vres: 0.06106912
