ouais: 0.8313358
vdd_1v8: 1.8
vres: 0.05264744
