ouais: 0.8361397
vdd_1v8: 1.8
vres: 0.05600555
