ouais: 0.8306404
vdd_1v8: 1.8
vres: 0.052281
