ouais: 0.8303898
vdd_1v8: 1.8
vres: 0.05231526
