ouais: 0.8447513
vdd_1v8: 1.8
vres: 0.06227384
