ouais: 0.831489
vdd_1v8: 1.8
vres: 0.05275305
