ouais: 0.8420209
vdd_1v8: 1.8
vres: 0.06033658
