ouais: 0.8400689
vdd_1v8: 1.8
vres: 0.05860913
