ouais: 0.8394715
vdd_1v8: 1.8
vres: 0.05817751
