ouais: 0.8349834
vdd_1v8: 1.8
vres: 0.0527859
