ouais: 0.8378553
vdd_1v8: 1.8
vres: 0.05716756
