ouais: 0.8405844
vdd_1v8: 1.8
vres: 0.06175937
