ouais: 0.8375475
vdd_1v8: 1.8
vres: 0.05682387
