ouais: 0.834403
vdd_1v8: 1.8
vres: 0.05505453
