ouais: 0.8434714
vdd_1v8: 1.8
vres: 0.06112462
