ouais: 0.8408185
vdd_1v8: 1.8
vres: 0.05925954
