ouais: 0.8368354
vdd_1v8: 1.8
vres: 0.05653824
