ouais: 0.8346161
vdd_1v8: 1.8
vres: 0.05493556
