ouais: 0.8400465
vdd_1v8: 1.8
vres: 0.05896433
