ouais: 0.8325057
vdd_1v8: 1.8
vres: 0.05361312
