ouais: 0.8450019
vdd_1v8: 1.8
vres: 0.0621257
