ouais: 0.8356388
vdd_1v8: 1.8
vres: 0.0556092
