ouais: 0.8407073
vdd_1v8: 1.8
vres: 0.0594092
