ouais: 0.8414037
vdd_1v8: 1.8
vres: 0.05962367
