ouais: 0.8397777
vdd_1v8: 1.8
vres: 0.0581516
