ouais: 0.8411786
vdd_1v8: 1.8
vres: 0.05958286
