ouais: 0.8186332
vdd_1v8: 1.8
vres: 0.04425491
