ouais: 0.845649
vdd_1v8: 1.8
vres: 0.06270215
