diff_i: 2.944501e-09
diff_v: 0.006166971
i_leftmost: 5.183962e-09
i_rightmost: 2.239461e-09
vdd_1v8: 1.8
vgate: 0.7217468
vres: 0.07332546
