diff_i: 3.553368e-09
diff_v: 0.005106054
i_leftmost: 5.771962e-09
i_rightmost: 2.218594e-09
vdd_1v8: 1.8
vgate: 0.7210479
vres: 0.07367774
