diff_i: 3.812417e-09
diff_v: 0.006585395
i_leftmost: 5.973483e-09
i_rightmost: 2.161066e-09
vdd_1v8: 1.8
vgate: 0.7215716
vres: 0.07324117
