diff_i: 3.755768e-09
diff_v: 0.005756133
i_leftmost: 5.995233e-09
i_rightmost: 2.239465e-09
vdd_1v8: 1.8
vgate: 0.721814
vres: 0.07310027
