diff_i: 3.530896e-09
diff_v: 0.007121063
i_leftmost: 5.723078e-09
i_rightmost: 2.192182e-09
vdd_1v8: 1.8
vgate: 0.7181682
vres: 0.07556762
