diff_i: 3.474731e-09
diff_v: 0.004671633
i_leftmost: 5.633831e-09
i_rightmost: 2.159099e-09
vdd_1v8: 1.8
vgate: 0.7216718
vres: 0.07298301
