diff_i: 3.814179e-09
diff_v: 0.000668052
i_leftmost: 6.052088e-09
i_rightmost: 2.237909e-09
vdd_1v8: 1.8
vgate: 0.7237236
vres: 0.07183428
