diff_i: 3.196145e-09
diff_v: 0.004215966
i_leftmost: 5.413844e-09
i_rightmost: 2.217699e-09
vdd_1v8: 1.8
vgate: 0.7177992
vres: 0.07564422
