diff_i: 2.68081e-09
diff_v: 0.01463165
i_leftmost: 4.926172e-09
i_rightmost: 2.245362e-09
vdd_1v8: 1.8
vgate: 0.7137013
vres: 0.08013958
