diff_i: 3.600845e-09
diff_v: -0.0002814585
i_leftmost: 5.748182e-09
i_rightmost: 2.147337e-09
vdd_1v8: 1.8
vgate: 0.7321475
vres: 0.06563475
