diff_i: 3.731e-09
diff_v: 0.004611395
i_leftmost: 5.777762e-09
i_rightmost: 2.046762e-09
vdd_1v8: 1.8
vgate: 0.7236048
vres: 0.07238091
