diff_i: 3.424683e-09
diff_v: 0.003339135
i_leftmost: 5.573117e-09
i_rightmost: 2.148435e-09
vdd_1v8: 1.8
vgate: 0.7226638
vres: 0.07216812
