diff_i: 3.442636e-09
diff_v: 0.003707902
i_leftmost: 5.598986e-09
i_rightmost: 2.156351e-09
vdd_1v8: 1.8
vgate: 0.7258426
vres: 0.0694868
