diff_i: 3.5841e-09
diff_v: 0.00151234
i_leftmost: 5.709526e-09
i_rightmost: 2.125427e-09
vdd_1v8: 1.8
vgate: 0.7255517
vres: 0.06992422
