diff_i: 3.168257e-09
diff_v: 0.00618229
i_leftmost: 5.372951e-09
i_rightmost: 2.204694e-09
vdd_1v8: 1.8
vgate: 0.7194133
vres: 0.07502683
