diff_i: 3.574622e-09
diff_v: 0.006800909
i_leftmost: 5.723028e-09
i_rightmost: 2.148406e-09
vdd_1v8: 1.8
vgate: 0.7219662
vres: 0.07293649
