diff_i: 3.583648e-09
diff_v: 0.005070153
i_leftmost: 5.722828e-09
i_rightmost: 2.13918e-09
vdd_1v8: 1.8
vgate: 0.7218962
vres: 0.07268076
