diff_i: 3.737898e-09
diff_v: 0.001224992
i_leftmost: 5.89716e-09
i_rightmost: 2.159262e-09
vdd_1v8: 1.8
vgate: 0.7292141
vres: 0.06761832
