diff_i: 3.45679e-09
diff_v: 0.007539824
i_leftmost: 5.661079e-09
i_rightmost: 2.204289e-09
vdd_1v8: 1.8
vgate: 0.7181566
vres: 0.07596812
