diff_i: 3.584737e-09
diff_v: 0.008902777
i_leftmost: 5.797634e-09
i_rightmost: 2.212897e-09
vdd_1v8: 1.8
vgate: 0.7152402
vres: 0.07813855
