diff_i: 3.123838e-09
diff_v: 0.001947872
i_leftmost: 5.268652e-09
i_rightmost: 2.144815e-09
vdd_1v8: 1.8
vgate: 0.7243165
vres: 0.0708319
