diff_i: 3.512825e-09
diff_v: 0.002636508
i_leftmost: 5.675069e-09
i_rightmost: 2.162244e-09
vdd_1v8: 1.8
vgate: 0.7251966
vres: 0.07016303
