diff_i: 3.373468e-09
diff_v: 0.008512026
i_leftmost: 5.527113e-09
i_rightmost: 2.153645e-09
vdd_1v8: 1.8
vgate: 0.7128698
vres: 0.07940338
