diff_i: 3.090042e-09
diff_v: 0.006913809
i_leftmost: 5.287139e-09
i_rightmost: 2.197097e-09
vdd_1v8: 1.8
vgate: 0.7173744
vres: 0.07640014
