diff_i: 3.809887e-09
diff_v: 0.003119195
i_leftmost: 6.071646e-09
i_rightmost: 2.261759e-09
vdd_1v8: 1.8
vgate: 0.724062
vres: 0.07050095
