diff_i: -1.32245e-10
diff_v: 0.01601148
i_leftmost: 2.0682e-09
i_rightmost: 2.200445e-09
vdd_1v8: 1.8
vgate: 0.7548558
vres: 0.08507452
