diff_i: 3.599357e-09
diff_v: 0.0006678085
i_leftmost: 5.699374e-09
i_rightmost: 2.100016e-09
vdd_1v8: 1.8
vgate: 0.7254416
vres: 0.07049875
