diff_i: 3.504661e-09
diff_v: 0.000956192
i_leftmost: 5.655281e-09
i_rightmost: 2.150621e-09
vdd_1v8: 1.8
vgate: 0.7211226
vres: 0.07255396
