diff_i: 3.741178e-09
diff_v: 0.007166994
i_leftmost: 6.038772e-09
i_rightmost: 2.297594e-09
vdd_1v8: 1.8
vgate: 0.7210685
vres: 0.07367435
