diff_i: 3.193733e-09
diff_v: 0.005648359
i_leftmost: 5.354988e-09
i_rightmost: 2.161255e-09
vdd_1v8: 1.8
vgate: 0.7155399
vres: 0.07679717
