diff_i: 3.152689e-09
diff_v: 0.0143525
i_leftmost: 6.092579e-09
i_rightmost: 2.939889e-09
vdd_1v8: 1.8
vgate: 0.7442403
vres: 0.0834004
