diff_i: -4.197079e-09
diff_v: 0.001652019
i_leftmost: -7.092444e-09
i_rightmost: -2.895365e-09
vdd_1v8: 1.8
vgate: 0.6896848
vres: 0.06943744
