diff_i: 3.086275e-09
diff_v: 0.003427589
i_leftmost: 5.231859e-09
i_rightmost: 2.145584e-09
vdd_1v8: 1.8
vgate: 0.7253523
vres: 0.07061725
