diff_i: 2.820278e-09
diff_v: 0.007756312
i_leftmost: 4.970067e-09
i_rightmost: 2.14979e-09
vdd_1v8: 1.8
vgate: 0.7175486
vres: 0.07578388
