diff_i: 2.759678e-09
diff_v: 0.01102294
i_leftmost: 5.079576e-09
i_rightmost: 2.319898e-09
vdd_1v8: 1.8
vgate: 0.7133588
vres: 0.07967639
