diff_i: 2.496524e-09
diff_v: 0.002980742
i_leftmost: 4.646844e-09
i_rightmost: 2.150321e-09
vdd_1v8: 1.8
vgate: 0.7227622
vres: 0.07192674
