diff_i: -7.671118e-09
diff_v: 0.0009315703
i_leftmost: -7.116088e-09
i_rightmost: 5.550294e-10
vdd_1v8: 1.8
vgate: 0.677732
vres: 0.06898752
