diff_i: 3.28835e-09
diff_v: 0.002706431
i_leftmost: 5.448321e-09
i_rightmost: 2.15997e-09
vdd_1v8: 1.8
vgate: 0.7214389
vres: 0.0728011
